error(train):0.10738255033557047
error(test):0.18072289156626506